3.794932196715876394e-02
3.818143509467590568e-02
1.952969459162596372e-02
4.895051707344032221e-02
9.979296338000925859e-02
2.040746216072452379e-01
4.647464371325740057e-02
7.488915907348177303e-02
1.035938158431025657e-01
2.071588938704173322e-02
1.924874099352708035e-02
1.138639236789930342e-02
1.171618643657991975e-02
7.167826080949453449e-02
3.439034381757014036e-01
4.026078186201704351e-02
2.470436662821141882e-02
3.775589436089446527e-02
2.658545009913165086e-02
1.982234365177504287e-01
7.752461020883275045e-02
8.997651236209648629e-02
3.434673280048633481e-02
3.245597794925288854e-02
2.594230330830287617e-02
9.649502269320310577e-02
8.785848007350249844e-02
5.176005305442915594e-02
6.292566162603535629e-02
2.894526689555600163e-02
1.949980311832933966e-01
3.859246875798751780e-02
1.263602451004096905e-01
1.343004483375588309e-01
1.877831814696353518e-01
1.276030174706577480e-01
9.448821127821106780e-02
9.638380181960112814e-02
1.240439495153947691e-01
2.413327162071609439e-02
6.399918484080217851e-02
1.705391103711737799e-01
1.065049013173801767e-01
1.229994404415675896e-01
1.319445691745476691e-02
3.883425326581788767e-02
1.732809466899701278e-01
1.905482981824713207e-02
6.605918884751688092e-02
1.745140476799049434e-01
8.285837645157057008e-02
2.962226351748101921e-02
7.625765938780162956e-02
1.024380858956734364e-01
4.657619320654615008e-02
1.717431972201689805e-01
3.072480087318747721e-02
1.957901863122336189e-02
3.180315977811089961e-02
6.607853160814329552e-02
3.728683241570356077e-02
5.600578901193034587e-02
6.635416594706991522e-02
7.088520762381093909e-02
4.915845175017444224e-02
2.710770463604523367e-02
1.493732945557037228e-01
6.912018071664928487e-02
1.663746830895915241e-02
1.425307929841044263e-01
4.032364583405293607e-02
5.468564559917655360e-02
2.912418743135047200e-02
3.094724262039141166e-02
1.428538861678536886e-02
1.910076887473489970e-02
1.365683870210075979e-01
3.197240893359216268e-02
1.119257099829369245e-01
1.116540132774235250e-02
5.495644424794655925e-02
6.330768114840733263e-02
1.283758298389714968e-02
1.000154051272132000e-01
2.053406743715329580e-02
1.996548008041062194e-01
2.313421803436103291e-02
5.816250682177718373e-02
4.831704166292477565e-02
1.873954282003633537e-02
1.076896454057489488e-01
4.718065447612206087e-02
8.264560608467985681e-02
2.348093701858977589e-02
1.248273313207651503e-01
1.145950109493841379e-01
7.013567564953682165e-02
6.061903742133369077e-02
3.919209433740682841e-02
1.342811055769324025e-01
8.849679117417465213e-02
1.210168074773586289e-01
3.335058062822523345e-02
5.338000925689258963e-02
3.915204791478132940e-01
9.780549472564366298e-02
2.296593601691110376e-02
7.562418397728606911e-02
4.920197296158389244e-02
2.234947532761801248e-01
8.171715357461123430e-02
7.238910726251580885e-02
1.434737525646428424e-01
3.033310997050229357e-02
6.648472958129830745e-02
1.000000000000000021e-02
1.573271068065792630e-02
3.695316979489766257e-02
1.265294942558909119e-01
2.026471949543026674e-02
1.505967241653253796e-01
1.319067817100382234e-01
7.395587087325657116e-02
4.067665121548526275e-02
9.036820326478167686e-02
2.022902519394572107e-01
2.838432683738956186e-02
9.219125845382261653e-02
1.812985209696249544e-01
9.341468806344425946e-02
1.752974294852753523e-01
2.772047638456171526e-01
2.142295709361205502e-01
1.077612827013546375e-02
1.044585063243919087e-02
2.801013422494249561e-01
3.096658538101784014e-02
1.341351368154907776e-02
1.599964077730265180e-02
1.796679953301049196e-02
3.240278535753021022e-02
2.256650800997533901e-02
8.086607210704836735e-02
9.734126847060936560e-02
4.519318582175646526e-02
8.470561009139454534e-02
1.077129257997886010e-02
1.986577505751017242e-02
8.187189565962267601e-02
5.907645226137596406e-02
7.636888026140359331e-02
1.066403006417651622e-01
4.604426728931933915e-02
1.994468661273721410e-01
7.598686073903163085e-02
2.799747162486097146e-02
4.003350442465649500e-02
5.144098730976740530e-01
6.677970668085136952e-02
5.279972643809972832e-02
1.906652528029732785e-01
2.100466989506552806e-01
7.154286148510953514e-02
2.621793764722949588e-02
1.667914504998031233e-01
7.377695033746209385e-02
2.280200612060211129e-02
1.234588310064453076e-01
2.452544609241694845e-02
1.185167556663926508e-01
3.834400408961225470e-01
3.573756709520092834e-01
8.810026458133286831e-02
3.890678861816699446e-02
2.296545244789544027e-02
1.860084831821604556e-01
3.831683441906090504e-02
7.169760357012096297e-02
1.986393058712186688e-01
5.670212839448179193e-02
1.149190021898768288e-01
1.776669176620128965e-01
2.180449304696836788e-01
4.834605580386441837e-02
1.216744613386572110e-01
1.433431889304144502e-01
1.409108367816409857e-01
2.461248851523587661e-02
3.021705340674371576e-02
6.089950745041691760e-02
9.119510628156150822e-02
4.688084168641241251e-02
3.531686205157609226e-01
1.110988069661570932e-01
1.176309263109901436e-02
5.161014665957433523e-02
1.376951028274971123e-01
1.422890084762740426e-01
2.789069267807430252e-01
4.283336902533211449e-02
6.593829659360168904e-02
